MatchID,0,1,2
17010503,0.16946636456647288,0.3786382683733608,0.45189536706016653
17010718,0.19651909840761367,0.2603202303817273,0.5431606712106591
17010122,0.17626567308476226,0.4136999550198677,0.4100343718953701
17015414,0.17877103038531938,0.44285564536645156,0.3783733242482291
17011078,0.2227344111600697,0.6492489244016295,0.12801666443830073
17013311,0.22295288808706384,0.3348620161060067,0.44218509580692916
17012013,0.26560270222256405,0.3542059815640039,0.3801913162134317
17012721,0.2033505909407229,0.3565101917594887,0.4401392172997881
17010928,0.20944027572306187,0.6744482686705379,0.11611145560640031
17020320,0.2260742506848873,0.6635808056420671,0.11034494367304565
17022801,0.187712930710547,0.19228051780276587,0.620006551486687
17021007,0.25315913504735477,0.6046841417335806,0.1421567232190646
17021354,0.25493261456157135,0.28037854816389873,0.4646888372745298
17022227,0.23624738525736308,0.4766941490408354,0.2870584657018015
17021878,0.3039820621548764,0.549497873225142,0.14652006461998185
17020514,0.2007685972883429,0.5960472852964007,0.20318411741525597
17021109,0.20035464707679496,0.393986919312154,0.40565843361105086
17022133,0.22309366068098868,0.5501593281968685,0.22674701112214296
17030105,0.16133166938072452,0.4681498644565395,0.37051846616273587
17032111,0.18424330116728957,0.3586511543418894,0.4571055444908209
17030328,0.23506994877976717,0.6505846277912783,0.1143454234289545
17032713,0.2783955858178583,0.5322916885346458,0.1893127256474959
17033310,0.2699526727343326,0.32900467947073553,0.4010426477949319
17031420,0.36985812641445776,0.1971683811167564,0.4329734924687856
17037807,0.2716027881846278,0.31406450674548336,0.41433270506988856
17035418,0.2803803357533595,0.3230454617474804,0.3965742024991601
17030922,0.1480496622092644,0.4481260650082211,0.4038242727825145
17040701,0.17083285291379327,0.2765576701071684,0.5526094769790383
17040578,0.27849857421126395,0.5687901456595506,0.1527112801291857
17041410,0.1498820210523924,0.0899201459818104,0.760197832965797
17042827,0.19372457408838858,0.14883277874214643,0.6574426471694649
17042033,0.2783986520203656,0.3728807971849529,0.3487205507946813
17041154,0.2984214655184517,0.5303769783504297,0.17120155613111873
17041813,0.27339784452268,0.5986694610410772,0.12793269443624292
17042221,0.18325379386124363,0.4030523789212604,0.4136938272174959
17040903,0.19409346108840925,0.32216574892527466,0.483740789986316
17057809,0.2855962133209155,0.1118624186506056,0.6025413680284789
17055421,0.20728696494652024,0.1886811243972724,0.6040319106562072
17051011,0.26651290302821784,0.40571140359328206,0.32777569337850015
17051307,0.30486125772059985,0.2784736163640854,0.41666512591531457
17052005,0.25409069366413106,0.1888675502097959,0.557041756126073
17052233,0.23058320485888323,0.5234191976224584,0.2459975975186585
17051803,0.19102123906760393,0.4045811537288319,0.4043976072035641
17052701,0.2752332935211906,0.24783396152742956,0.47693274495137955
17052814,0.20939020121158694,0.33036582217565497,0.460243976612758
17060910,0.21525288640046294,0.32655864760408404,0.4581884659954529
17060354,0.2338771987344136,0.6643799842512894,0.1017428170142972
17062128,0.17002879344840252,0.6852869352358815,0.14468427131571596
17061107,0.27730973239048246,0.5506370063475167,0.17205326126200124
17062718,0.32857613082298187,0.26092709179140816,0.4104967773856098
17060120,0.21420510261430079,0.6387585968602982,0.14703630052540093
17063378,0.30399177468883176,0.5131943628966673,0.18281386241450118
17060513,0.3753669178348499,0.45419520123470136,0.1704378809304487
17061422,0.22339255037083083,0.21988673074412612,0.5567207188850427
17072878,0.2687332598662316,0.34896573537850095,0.3823010047552671
17070727,0.173948010684827,0.1536729697709832,0.67237901954419
17071421,0.2294312017084964,0.2485550166151112,0.5220137816763926
17072009,0.26106543742247923,0.2925662109109195,0.4463683516666012
17072203,0.1930754263202482,0.43539794521233227,0.37152662846741924
17071333,0.3208021935803477,0.2718550333606593,0.4073427730589929
17071811,0.2430974179680808,0.4045388905345489,0.35236369149737046
17071005,0.22622080777142084,0.5096525313750383,0.2641266608535407
17075401,0.1712682209551387,0.21362715588298606,0.6151046231618751
17080927,0.17357912411696724,0.6990292542857817,0.12739162159725126
17082107,0.2090012327004313,0.6533295166586359,0.13766925064093277
17082820,0.2643554756021907,0.3602857838372202,0.3753587405605891
17080314,0.23446400320724403,0.5826778094522886,0.18285818734046744
17081054,0.24694303883501117,0.5582513118870804,0.19480564927790867
17080113,0.2514983356029033,0.6088654015287364,0.13963626286836026
17081105,0.19219853668358916,0.44087274213293526,0.36692872118347564
17087822,0.11256190448795872,0.10109065103680942,0.7863474444752322
17083318,0.25405495696341945,0.325035123944256,0.4209099190923245
17090754,0.2609277676976318,0.30260232854158664,0.43646990376078143
17097811,0.27597622445366954,0.23059127378279545,0.49343250176353465
17091314,0.17106083573106912,0.3275144624984759,0.501424701770455
17092703,0.23392464757527812,0.13387562171572054,0.6321997307090013
17092210,0.20645183657052557,0.49852036933643773,0.2950277940930365
17090133,0.22044211806857256,0.44352353370113456,0.33603434823029266
17091828,0.27233988079223437,0.5653632549732731,0.16229686423449288
17090509,0.1963009752249526,0.4690646630124358,0.3346343617626114
17092021,0.21759761407052863,0.39860256036805497,0.383799825561416
17100301,0.27491069254891853,0.4030362858040921,0.32205302164698923
17100907,0.2142701510311954,0.6077055764710337,0.17802427249777084
17102178,0.22274143787404377,0.6582798066344142,0.11897875549154194
17101427,0.3479763149183869,0.2762537001901482,0.37576998489146474
17101120,0.3495949396495762,0.4237906211211978,0.22661443922922597
17101018,0.2630945372382004,0.42722602859899184,0.30967943416280774
17102813,0.22784308797205077,0.32070377013990353,0.4514531418880454
17105422,0.24023793144826203,0.20128768725945767,0.5584743812922802
17103305,0.25534663798744345,0.3285590465977853,0.416094315414771
17110733,0.2811258406128145,0.3108327764763041,0.40804138291088143
17110528,0.3349612387278279,0.5113605594019226,0.15367820187024953
17110118,0.4126538139315797,0.3637767039777514,0.22356948209066885
17117803,0.17417503579598914,0.07802831348427125,0.7477966507197393
17112010,0.27590455031228606,0.25774647089400493,0.4663489787937089
17111321,0.17881238785415796,0.17614509992310876,0.6450425122227332
17112211,0.2184625545732735,0.47887010702802874,0.3026673383986979
17112754,0.2537589884543863,0.31585365014746847,0.4303873613981448
17111409,0.33803027790732154,0.2045098182625387,0.4574599038301396
17120121,0.16890874503397046,0.4908159458553731,0.3402753091106564
17120554,0.29211706555749467,0.5374410375200981,0.1704418969224075
17127814,0.15369237979629177,0.21906083696967835,0.6272467832340298
17122810,0.2501436455391694,0.22809001459744294,0.5217663398633877
17120307,0.27014600638986236,0.6044773701847671,0.12537662342537034
17121311,0.35308437478843735,0.19452577942182883,0.45238984578973374
17122720,0.267514274599314,0.39128282808901205,0.34120289731167364
17120933,0.21799510040084857,0.4864308418940228,0.2955740577051285
17121822,0.2319572979069341,0.4269187314301962,0.3411239706628696
17130705,0.18358838984201076,0.21640586814035664,0.6000057420176325
17131013,0.2309706748234748,0.567999170095526,0.20103015508099947
17131127,0.21672672566742646,0.626972893043144,0.15630038128942947
17133314,0.3104684372862797,0.4534605282902364,0.23607103442348387
17135478,0.2674269962674298,0.3761225227623175,0.3564504809702525
17132228,0.2723430659340023,0.5765810369314371,0.15107589713456057
17131820,0.23334539901547274,0.37933972855381476,0.3873148724307125
17140722,0.15993661211744625,0.21874704899334244,0.6213163388892111
17141418,0.29066874457019015,0.224602868264652,0.48472838716515776
17141001,0.24285194814618283,0.4258216827901728,0.33132636906364427
17141309,0.23680140411510275,0.14753890401351868,0.6156596918713784
17142078,0.2774689867784957,0.5968230354651541,0.12570797775635054
17145428,0.28689986845354537,0.2974940688342738,0.41560606271218054
17142733,0.267431776957565,0.3500347093171798,0.38253351372525496
17140521,0.196523955944215,0.425798477409793,0.37767756664599206
17141103,0.20553829459276787,0.42596760136247247,0.36849410404475974
17150114,0.1689055407726422,0.661031963850126,0.17006249537723175
17157827,0.15564899198261556,0.24138177224808965,0.6029692357692948
17151809,0.2492745171845153,0.43099667591119123,0.31972880690429334
17152110,0.205587383175727,0.5121703305217656,0.2822422863025075
17152007,0.30620877883131375,0.5640480550982103,0.12974316607047628
17152811,0.3119192325813865,0.15405137996323928,0.5340293874553741
17153354,0.29978833127532706,0.5258881381090872,0.17432353061558611
17152205,0.1628316886901845,0.46446751261549934,0.3727007986943163
17150313,0.20977997524719438,0.6399879297120807,0.15023209504072474
17160518,0.1977704948935665,0.5272121143063235,0.27501739080011006
17161322,0.19547366280257364,0.3321329356494317,0.4723934015479944
17160728,0.2657328499010545,0.2903264400491421,0.4439407100498032
17165420,0.3229043622452339,0.3254385572782417,0.3516570804765243
17161027,0.22380171951718772,0.6091796794320922,0.1670186010507203
17160178,0.23874775504860446,0.6321907072193009,0.12906153773209467
17161114,0.1443555268922957,0.7175971764623904,0.13804729664531376
17160921,0.1579797875535822,0.4553882960415283,0.38663191640488953
17163303,0.2359053963509243,0.2723660646235478,0.4917285390255278
17171407,0.382815554087805,0.24057392300116948,0.3766105229110254
17172118,0.1841064019040283,0.6222043236049173,0.1936892744910547
17175409,0.16447651678517097,0.12801530498860042,0.7075081782262284
17172705,0.23675395167001453,0.2679097484497052,0.49533629988028005
17177813,0.17663111205697973,0.3561052516184992,0.4672636363245208
17170310,0.24533091508279217,0.6001512138643669,0.15451787105284104
17172833,0.24771128516956226,0.25631075164142286,0.49597796318901466
17171101,0.16414126722897684,0.4195894613724934,0.41626927139852976
17172022,0.25475481003334677,0.3260921982197612,0.4191529917468919
17130901,0.16560808063682836,0.3381251466151219,0.49626677274804964
17132103,0.16235131140189082,0.3808102396015646,0.4568384489965445
17180709,0.13779422609707562,0.159904129593634,0.7023016443092903
17181328,0.23925599520324362,0.4310216562329532,0.3297223485638029
17183321,0.25759819251114036,0.3549908290338008,0.38741097845505906
17180510,0.3261613956388084,0.4697493626923205,0.20408924166887116
17182714,0.21434488949732308,0.4308507524209992,0.3548043580816776
17182011,0.27724593214182414,0.3716752504926392,0.35107881736553653
17182201,0.24958595539587455,0.45787398262863976,0.2925400619754857
17181854,0.2110514532234734,0.5348799109486893,0.25406863582783773
17180378,0.2064338821363304,0.69938650395946,0.09417961390420995
17222003,0.31030995986271664,0.3538761660421018,0.3358138740951816
17191403,0.24141436376822803,0.17128873682981072,0.5872968994019611
17190128,0.23190834839799848,0.6688834332557829,0.09920821834621878
17190920,0.16977704922250467,0.47202321459804103,0.35819973617945416
17190507,0.24881322130620517,0.6141848544852464,0.1370019242085485
17192113,0.32684061807449666,0.5154748926395477,0.1576844892859556
17191827,0.24107848076712857,0.5949661093100871,0.1639554099227845
17195411,0.198832906266752,0.15575239309429098,0.6454147006389568
17191033,0.2982764098934304,0.40868359768352697,0.29303999242304263
17192278,0.2707220539355237,0.5639490947216789,0.1653288513427977
17202809,0.15012168373043167,0.11979203547558813,0.7300862807939801
17200154,0.19965739569541274,0.694064377069374,0.10627822723521346
17201310,0.3028029117638375,0.48004102850350105,0.21715605973266144
17207805,0.1835442461451071,0.18510996259155355,0.631345791263339
17203307,0.3309952142599155,0.521257280984715,0.14774750475536982
17201118,0.16815018067704146,0.4913369406582735,0.34051287866468494
17202122,0.16991732231078047,0.40231864838055104,0.4277640293086686
17200327,0.20034367499552616,0.6840131315487042,0.11564319345576987
17202014,0.24510487513968332,0.6179771618731464,0.13691796298717052
17212722,0.25487338689363387,0.30571672214077134,0.43940989096559485
17217821,0.18981846285503132,0.08462405593724091,0.7255574812077275
17210720,0.2772581116874775,0.27351833719460783,0.44922355111791445
17211133,0.19316346165445175,0.42194054609168574,0.3848959922538625
17212803,0.08495254394889408,0.08847822150080056,0.8265692345503054
17211405,0.1864643082436145,0.2283444102247004,0.585191281531685
17211801,0.2485524020107098,0.3057172439470169,0.44573035404227324
17211009,0.24126434316630715,0.273716756735751,0.4850189000979415
17215413,0.34121429054825164,0.33865407125699326,0.32013163819475493
17221428,0.38181749206803284,0.20195564149254772,0.41622686643941925
17220711,0.1640920218607398,0.22685372434651768,0.6090542537927424
17220913,0.24484013142103908,0.5813161582731563,0.17384371030580478
17220533,0.18502731454062268,0.4057668385651286,0.40920584689424877
17222778,0.17590454425120722,0.5134478162339424,0.3106476395148504
17222101,0.12084530169790554,0.41345275248527863,0.46570194581681584
17222218,0.2670282294147639,0.47604910191144695,0.25692266867378905
17225410,0.32518823154555826,0.36959134811243094,0.3052204203420106
17230107,0.1717906155294605,0.7136919433687668,0.11451744110177275
17231320,0.23098820982621007,0.35123347254103876,0.4177783176327511
17230911,0.15196312233397885,0.44666797655609203,0.40136890110992895
17237854,0.2350692750290246,0.26146765189682186,0.5034630730741534
17232114,0.15021126092311582,0.6071900624165599,0.24259867666032395
17233327,0.23512352877892304,0.6274050813540535,0.13747138986702384
17231028,0.30507622016703184,0.493829700007451,0.20109407982551733
17230322,0.14915939877382714,0.45973599132932674,0.3911046098968461
17231805,0.2615160614707775,0.29391918282894813,0.4445647557002741
17241454,0.3915246300247685,0.1629721539947743,0.44550321598045683
17243309,0.29673272158978814,0.23390815974219287,0.46935911866801855
17242710,0.2576154192777358,0.41395227848612676,0.32843230223613723
17240522,0.1805724450708841,0.42432676903565986,0.3951007858934558
17241318,0.31344282973242166,0.42347947439606726,0.26307769587151086
17242001,0.2546119521867677,0.44631720766797445,0.2990708401452577
17241178,0.15339038726612977,0.785970688056241,0.060638924677628915
17242821,0.18272107670512022,0.12389636378800843,0.6933825595068709
17240703,0.19096953542870332,0.13410680338547074,0.6749236611858257
17251413,0.3778246517006669,0.15842116245198765,0.4637541858473452
17252807,0.2394773929640548,0.29962785663252495,0.46089475040342015
17250127,0.22523493061898137,0.6684313575540826,0.10633371182693623
17250311,0.14298730201143212,0.3454978753786884,0.5115148226098792
17252220,0.2689430167833001,0.3197660624515952,0.4112909207651048
17250918,0.29101829775811905,0.5164658046837793,0.19251589755810175
17252105,0.15593896407176616,0.3245696718045432,0.5194913641236905
17257810,0.23498215214015888,0.2703578063520141,0.49466004150782694
17255433,0.30430990143322534,0.37120993612487063,0.3244801624419039
17260721,0.25400766978277495,0.14729918546920961,0.5986931447480153
17267801,0.3159137549879087,0.1232866059076377,0.5607996391044534
17262709,0.20435951334329894,0.18620900890913064,0.6094314777475702
17261020,0.24065477990153397,0.35762053219553,0.401724687902936
17262254,0.2547385908345802,0.5678827012990445,0.1773787078663754
17260511,0.17209915820575394,0.39529598359305157,0.4326048582011945
17263328,0.24482433786861446,0.5213769368960409,0.23379872523534498
17261814,0.28641346160801984,0.5594742057107777,0.1541123326812025
17261303,0.23553842473699294,0.3079126998436253,0.4565488754193815
17271478,0.34236204311420715,0.21142061504606957,0.44621734183972306
17270710,0.286928631755034,0.31551335845277495,0.39755800979219097
17271327,0.2789448043229145,0.5112236959559617,0.20983149972112386
17270333,0.1935732800421917,0.6299068621688911,0.17651985778891746
17271122,0.19949111042655002,0.5060756285424125,0.2944332610310374
17272805,0.1499600392254743,0.1488807974737968,0.7011591633007285
17270109,0.16282945234635757,0.28974607987294815,0.5474244677806943
17271821,0.23125396727880707,0.3433090372960066,0.4254369954251864
17272054,0.25182722820155773,0.5674871184632607,0.18068565333518152
17283301,0.28111300715455234,0.30447071057440944,0.4144162822710382
17287818,0.2576449593698099,0.23564602215539715,0.5067090184747927
17282213,0.21223471346922146,0.5677830150204933,0.21998227151028535
17281128,0.21097412107402483,0.6861460853907033,0.10287979353527196
17281014,0.2712994607761458,0.5722527837685222,0.15644775545533218
17282707,0.22581485785753105,0.390635107364169,0.38355003477829974
17282120,0.20562179794224608,0.601788648274908,0.19258955378284612
17280905,0.33417058545190065,0.4331423393160474,0.23268707523205198
17285403,0.18834661898783345,0.17599006060938938,0.6356633204027772
17291411,0.1464036373968253,0.16158916480955982,0.6920071977936146
17290527,0.2525908526830991,0.6109101546174006,0.13649899269950044
17290713,0.2500940787527851,0.30974178551428766,0.44016413573292695
17290978,0.24395790336285178,0.6242470759126953,0.1317950207244529
17290110,0.18614178676986956,0.5136833573345618,0.3001748558955686
17292154,0.19152390301179076,0.7004702317267363,0.10800586526147303
17290318,0.19047563040409743,0.5226568246176717,0.2868675449782307
17292822,0.2694513891911757,0.3324925905433643,0.39805602026546005
17293320,0.21637336374546293,0.3103830213657752,0.47324361488876154
17302028,0.3440520035253246,0.5174213896809516,0.138526606793724
17301833,0.2401724668499753,0.4275234038091051,0.33230412934091935
17301021,0.2943012980462901,0.3132832405579317,0.39241546139577804
17305407,0.251866234050196,0.3705282765743108,0.37760548937549293
17302711,0.19445477107807516,0.15547663547935042,0.6500685934425744
17301378,0.29211782925893043,0.5645513842131518,0.14333078652791797
17302214,0.31234117854675536,0.5360224870809158,0.15163633437232904
17300501,0.15351089939537393,0.4877809352797014,0.3587081653249245
17300309,0.29993453186230706,0.4344973751089721,0.2655680930287208
17317833,0.2199773397826826,0.24545586062566874,0.5345667995916483
17311305,0.23774542741481774,0.2905796417434764,0.47167493084170553
17310954,0.23825408643016568,0.5761913707286351,0.1855545428411995
17312027,0.24147830898733738,0.6011525953155988,0.15736909569706406
17312818,0.26210619899384857,0.319271399424455,0.41862240158169634
17311401,0.2137539613698892,0.1754716861146483,0.6107743525154624
17311003,0.23246074668820602,0.35487733552240946,0.41266191778938427
17311121,0.2343942180328157,0.38078041205704544,0.3848253699101388
17312207,0.2891778761071811,0.5276276559136488,0.18319446797917022
17320103,0.14631911204840076,0.3262788237444042,0.527402064207195
17322109,0.18172702240866773,0.4115387848018369,0.4067341927894953
17321810,0.2710558797889621,0.5220499862153712,0.20689413399566703
17320520,0.15608571741983815,0.42976718567072675,0.414147096909435
17321113,0.23571058818099286,0.45263002685954395,0.31165938495946305
17327828,0.18646331683306894,0.2650292121259661,0.5485074710409649
17325427,0.259616187551126,0.37333342806550135,0.3670503843833723
17323322,0.24117876174598546,0.4896815503042287,0.26913968794978604
17320714,0.23881278396903724,0.30316487042495704,0.45802234560600574
17330778,0.2353931013179201,0.2853653097414788,0.479241588940601
17330914,0.37865424728223246,0.46938751425912817,0.15195823845863943
17332018,0.2692158470142965,0.48588940468347486,0.2448947483022284
17332728,0.22474993353115988,0.26411128547842,0.5111387809904201
17333313,0.22680486704343558,0.45224658684847996,0.3209485461080845
17335405,0.1501997670588641,0.13924802720792692,0.710552205733209
17330111,0.15033120824394633,0.29502371870224364,0.5546450730538101
17331022,0.3089392035046243,0.4057157511818105,0.2853450453135651
17330321,0.18642144462148205,0.3700996015910702,0.4434789537874476
17341807,0.25827830377017746,0.4252519493520808,0.316469746877742
17342127,0.2790830721000049,0.6360872523645322,0.08482967553546297
17341301,0.2293493525239921,0.34692000662520733,0.4237306408508006
17342854,0.20077147486836672,0.26574249711089803,0.5334860280207352
17341110,0.20700034870565254,0.5239762005540625,0.269023450740285
17347820,0.20313667051682738,0.279225033966559,0.5176382955166133
17340305,0.22029528207211327,0.5265389059998826,0.25316581192800425
17341433,0.16680660936326602,0.34581281226672317,0.4873805783700109
17342209,0.2875074954867784,0.3169805365367745,0.395511967976447
