MatchID,0,1,2
18013318,0.2551170342541281,0.491367105047251,0.25351586069862075
18012203,0.2252912031911594,0.361106629972246,0.41360216683659473
18011014,0.27786603417473693,0.5163232851495148,0.20581068067574826
18010908,0.23986430905005068,0.5477816456323576,0.21235404531759147
18011247,0.24738338660339423,0.3333166471920376,0.419299966204568
18015411,0.14840505026926654,0.16598252976254915,0.6856124199681846
18010701,0.15045773395411888,0.18812027005478696,0.6614219959910942
18011321,0.15039974133274586,0.39084881611549177,0.45875144255176253
18012005,0.17632744968551772,0.3622493268686998,0.4614232234457826
18022112,0.2577934009803256,0.59393341686311,0.14827318215656426
18022014,0.31529354976230795,0.5045431042480537,0.1801633459896383
18021105,0.16449706612766146,0.35477346432672247,0.48072946954561613
18020813,0.2895190879386434,0.3973538519745185,0.3131270600868379
18022254,0.35018268278799447,0.41864145350306187,0.2311758637089437
18020109,0.18071447644128016,0.7073932494675738,0.11189227409114592
18021807,0.31085596849283303,0.40907319134529324,0.2800708401618739
18024733,0.26217342906129654,0.34664473247833416,0.3911818384603693
18020310,0.23239077227569221,0.5557752060094376,0.2118340217148702
18030533,0.25956043966025377,0.5168448821423643,0.2235946781973821
18032109,0.2164297811762981,0.6498536886644528,0.13371653015924925
18035418,0.24930505751565202,0.465924886881896,0.2847700556024519
18034703,0.29041851939194424,0.1791776162219785,0.5304038643860772
18030110,0.20181085009207525,0.6430361216871519,0.1551530282207728
18031120,0.15608869706465817,0.4365250368660362,0.4073862660693057
18031322,0.2505635089633827,0.43670634204509134,0.31273014899152585
18031407,0.23349125347023722,0.3161205192819179,0.4503882272478446
18031208,0.2199612251060574,0.25983381649198356,0.520204958401959
18040754,0.22119935313244837,0.3836981959793583,0.395102450888193
18041447,0.244664356310042,0.3399523547459321,0.4153832889440258
18040911,0.25274438779027536,0.3097689188697909,0.43748669333993395
18042212,0.2588310248499972,0.3347639500543458,0.4064050250956573
18043301,0.209130846627046,0.42141063641290755,0.36945851696004645
18041820,0.1966073085486324,0.3191188557441293,0.48427383570723864
18041013,0.23954464057421843,0.5327637973741074,0.22769156205167398
18040305,0.1877120999934211,0.35681277603342343,0.4554751239731554
18040821,0.17194056188873275,0.24263085430849404,0.5854285838027732
18051118,0.30444152107606576,0.5082875869525257,0.18727089197140842
18055447,0.3236423597233918,0.392516053932722,0.28384158634388623
18050705,0.19973753340527367,0.24342801034976247,0.556834456244964
18052209,0.31010964708797817,0.34387413801188743,0.34601621490013457
18050114,0.22895782251102642,0.6458745068814413,0.12516767060753203
18052110,0.2401415111753777,0.4120397511146696,0.3478187377099528
18053308,0.23168260251808437,0.5548766658217769,0.21344073166013874
18052012,0.3074517291676052,0.4305841751646344,0.2619640956677605
18051303,0.1757439795272469,0.38531682903707626,0.4389391914356768
18061408,0.16078882711244533,0.3325287224085149,0.5066824504790397
18061307,0.2740321285850929,0.5613925084903622,0.16457536292454486
18062033,0.25998063237106117,0.4730614137190263,0.26695795390991256
18060354,0.3238363416317982,0.46210311014315664,0.21406054822504492
18061201,0.21042103869958295,0.1672141208855551,0.622364840414862
18064722,0.3333532994632452,0.28930888061946836,0.3773378199172865
18060918,0.32501537849478296,0.3680672624592698,0.306917359045947
18061110,0.1762921449587231,0.4434453098688934,0.3802625451723837
18060521,0.1805716023318778,0.38912819551437705,0.43030020215374504
18070854,0.2853449829280197,0.32343415893952776,0.3912208581324528
18070913,0.32889533352200473,0.3180984279218928,0.3530062385561024
18072201,0.16786681237891185,0.482461712416506,0.34967147520458197
18071005,0.16463409048874592,0.4248292048503728,0.4105367046608812
18072120,0.16735947950327212,0.5242495306847373,0.3083909898119905
18071803,0.2181362985603231,0.3467350322045874,0.4351286692350896
18070747,0.39073954794914867,0.23572106172835983,0.37353939032249156
18071412,0.22336527461237302,0.4227051276132452,0.35392959777438143
18073311,0.19703573450274817,0.4402317781801061,0.362732487317146
18080108,0.3899683692116117,0.3373285620768286,0.27270306871155964
18084709,0.24839337785315016,0.291315413705329,0.4602912084415206
18081114,0.257186130427781,0.5788279295889166,0.16398593998330238
18082022,0.1558430870307914,0.5967440658799603,0.24741284708924827
18085421,0.13351471921424132,0.23441997126353864,0.63206530952222
18080518,0.2961842553638386,0.5184978440107122,0.18531790062544917
18081333,0.2785119737228131,0.4678981607760379,0.25358986550114904
18081210,0.3145921998083216,0.2341942995930821,0.4512135005985962
18080307,0.34298125320355605,0.48467684193537375,0.17234190486107026
18090722,0.2755482149925363,0.23951560630787938,0.48493617869958444
18091033,0.3183043018236906,0.5027722022000882,0.17892349597622098
18095413,0.27609628184032464,0.3640047225230806,0.359898995636595
18090512,0.32368600972014405,0.4435497239008281,0.23276426637902772
18092101,0.30665322840054293,0.3713259411013465,0.3220208304981106
18090314,0.23545738295945762,0.5915457021231535,0.17299691491738894
18091808,0.23223033073608268,0.22509579638652366,0.5426738728773937
18090920,0.3007448949238182,0.2569776695957123,0.4422774354804697
18094711,0.12008052130632121,0.22986864381884284,0.6500508348748356
18100807,0.4561116606173933,0.12958682177441433,0.4143015176081925
18102054,0.28736057988818287,0.531850756257546,0.18078866385427086
18103321,0.22733190552721438,0.19042564647953225,0.5822424479932535
18101209,0.19698119807367204,0.31119658293861946,0.4918222189877085
18100118,0.2815935359300705,0.4835347239086425,0.234871740161287
18101103,0.1666952129797509,0.3854527687114848,0.4478520183087643
18102210,0.3529723064740925,0.32002828520043275,0.32699940832547497
18101347,0.2748514884955267,0.5771015396817311,0.1480469718227423
18101405,0.2347491493350567,0.17571677525277302,0.5895340754121705
18114710,0.27073641423211753,0.25871966990819684,0.4705439158596856
18115414,0.21665094046341885,0.3975035987184854,0.3858454608180958
18110711,0.22775727506491858,0.15764336800553783,0.6145993569295439
18112208,0.2489199025323888,0.3008019079719208,0.45027818949569043
18111320,0.30977152759019977,0.3459796267858723,0.344248845623928
18111821,0.13035379061979935,0.4975410015145822,0.37210520786561835
18110312,0.3594896029689057,0.4613639520493274,0.17914644498176677
18110501,0.2538820236457557,0.20573295176632544,0.5403850245879189
18110933,0.24278290709741135,0.16353149286072938,0.5936856000418593
18120954,0.2981878536830236,0.408793693632716,0.29301845268426047
18120147,0.30613907049058164,0.5261397504412698,0.16772117906814843
18121211,0.12813205592447063,0.18534767348555306,0.6865202705899764
18120820,0.3502149871779652,0.1534083686756954,0.49637664414633953
18120513,0.27276759940099427,0.5262512870144477,0.20098111358455814
18122103,0.22256767567385338,0.405914951065665,0.3715173732604818
18121822,0.31621100893146364,0.35203028552393173,0.33175870554460474
18121007,0.2499216537382166,0.6197822812835587,0.13029606497822455
18123314,0.26468176884153566,0.35582238929595705,0.3794958418625075
18132122,0.20319822532828447,0.46267656976434074,0.33412520490737463
18131113,0.1421178173813954,0.3782508783780778,0.47963130424052686
18131409,0.3096630245845507,0.3755132215481978,0.31482375386725125
18132047,0.20178300822775552,0.6559659615243453,0.14225103024789934
18130103,0.14906873288682315,0.4830234662455786,0.3679078008675982
18130805,0.2689047819438939,0.08944694246871718,0.641648275587389
18133307,0.36645583999204695,0.2999391853951858,0.33360497461276745
18131254,0.2590334295374051,0.20008710781349914,0.5408794626490958
18131018,0.24917402003144926,0.49725754728132976,0.2535684326872209
18144708,0.26036807876364926,0.2737569800167591,0.46587494121959167
18140712,0.2252506317151542,0.3585855476022403,0.4161638206826052
18141318,0.2944185251117275,0.4606818493407203,0.24489962554755212
18141121,0.29759327938521873,0.3213249608654255,0.38108175974935576
18145410,0.2791218058317087,0.18761104022196512,0.5332671539463264
18140509,0.32933279542259086,0.4350384530078805,0.2356287515695284
18140333,0.3227156198493809,0.2822311568333787,0.3950532233172403
18142214,0.2130316939876321,0.6092709665058644,0.1776973395065034
18150903,0.19943230016929778,0.3120346067227897,0.4885330931079125
18150547,0.37397155139355837,0.44620580383807273,0.17982264476836896
18151213,0.164306943989276,0.2503272328481945,0.5853658231625295
18150811,0.24765480520824312,0.13638600465044148,0.6159591901413156
18150154,0.30322412990177183,0.534896842790999,0.16187902730722925
18153322,0.2533827349762505,0.2688074342054897,0.4778098308182599
18152107,0.3157229034167566,0.532206083431305,0.15207101315193833
18151020,0.14028827655886925,0.3714518390158994,0.48825988442523127
18151814,0.1873779191170409,0.6129136431736649,0.1997084377092942
18161009,0.26913056441460553,0.4860731022837492,0.2447963333016453
18160720,0.16006439822874172,0.2089950522118259,0.6309405495594325
18161301,0.1833142181934017,0.3701607752296778,0.4465250065769207
18164718,0.2053483088334047,0.3124451782069609,0.48220651295963435
18161421,0.15303759039642395,0.1422350997992627,0.7047273098043134
18161233,0.2209892586717688,0.3115544565609132,0.4674562847673179
18161122,0.13393960162942634,0.349733707462386,0.5163266909081874
18165405,0.1766818035049859,0.2940259589218568,0.5292922375731571
18160308,0.30339019051920874,0.4863832302904546,0.21022657919033655
18170810,0.21121442377361688,0.22393004531947533,0.5648555309069079
18171812,0.3220806147057075,0.5022566882433317,0.1756626970509609
18170111,0.16414893916687695,0.4119187174514053,0.42393234338171787
18170907,0.3041447656675682,0.337387319593501,0.35846791473893086
18171413,0.32291181284927134,0.3918042538173631,0.28528393333336544
18172147,0.20400181970520648,0.6618248348029462,0.1341733454918473
18173354,0.2408317470140074,0.38281986361176346,0.3763483893742293
18172003,0.148543215849164,0.43021875960876693,0.42123802454206916
18172205,0.18555700878374826,0.38973638548409517,0.4247066057321567
18142001,0.19400136800556284,0.3346128948838041,0.47138573711063314
18182247,0.2844059380680815,0.5812275494531474,0.13436651247877102
18180901,0.2771050938722624,0.16253416009124486,0.560360746036493
18185420,0.2465339700227288,0.1697503757906022,0.5837156541866689
18181811,0.16650815927877333,0.4817059630758752,0.3517858776453517
18183313,0.3272516773808384,0.34991662001666723,0.3228317026024942
18181003,0.17821512144458385,0.415013952012535,0.40677092654288116
18190122,0.18444319433887427,0.4593677050102737,0.356189100650852
18190321,0.1676172459082346,0.30785963444663134,0.5245231196451339
18195408,0.2747577359920436,0.3615370039299173,0.36370526007803905
18194714,0.1964332650375539,0.37274619096724726,0.43082054399519853
18190733,0.22926033558465142,0.4320198424250453,0.3387198219903032
18192018,0.2864851849643883,0.5020872196315075,0.21142759540410436
18191309,0.2856834115310647,0.46171052625775855,0.2526060622111768
18191112,0.3391028472493553,0.4466037268268396,0.2142934259238051
18190510,0.17702066968225022,0.3813061092251717,0.44167322109257817
18201411,0.26739066173768367,0.1756355306254475,0.5569738076368691
18200809,0.17886625702869158,0.30536923882404976,0.5157645041472586
18200107,0.19749587142005842,0.6082446926098466,0.19425943597009496
18203320,0.2904851676137559,0.11659762313904201,0.5929172092472023
18202218,0.19745353834490342,0.6029796827674427,0.1995667788876538
18201354,0.23358838450351324,0.5196265099378408,0.24678510555864597
18202105,0.17096127442763115,0.4719232163194086,0.35711550925296043
18200347,0.2823310771650325,0.5925246073567261,0.12514431547824137
18201012,0.26157441406575593,0.5596347862945289,0.1787907996397151
18210922,0.30829287460484783,0.2187872836435384,0.4729198417516139
18211420,0.21858828966429372,0.2091523745011375,0.5722593358345689
18210801,0.23780632073970154,0.1914079017829079,0.5707857774773905
18210721,0.17834841607051005,0.27541600105474484,0.5462355828747453
18211154,0.31981223458047675,0.439140420633719,0.24104734478580422
18211205,0.2058918243294525,0.2388366821780817,0.5552714934924659
18211813,0.22776564806949484,0.5159800916234533,0.2562542603070519
18213303,0.31070902168394116,0.25946237508311654,0.42982860323294253
18211047,0.31590035374131814,0.5018152360007674,0.18228441025791436
18222007,0.3398280270310546,0.4753114703514111,0.18486050261753423
18220914,0.23720847942976672,0.36305048102809556,0.3997410395421378
18222211,0.1321423968943068,0.29567865627700757,0.5721789468286856
18222133,0.24670844702987746,0.6184815179532811,0.13481003501684138
18225412,0.25680084996179303,0.3509524971532824,0.3922466528849246
18221810,0.21215037588652172,0.3935042154804759,0.3943454086330023
18224701,0.18944114019876804,0.23159735401180664,0.5789615057894253
18220313,0.21888496501447846,0.6097968075026864,0.17131822748283504
18220508,0.24468928551808047,0.5495669472273339,0.20574376725458537
18231422,0.20197103356855217,0.28859735174024814,0.5094316146911998
18230703,0.20712982016258458,0.20070073175345052,0.5921694480839651
18230833,0.3449376684963689,0.33265517154632784,0.32240715995730307
18234720,0.14008956741764667,0.18869305306934248,0.671217379513011
18230105,0.2593489265314034,0.27693218084591814,0.4637188926226786
18235409,0.2363573157668835,0.40277689011366213,0.36086579411945435
18231021,0.17715629212168793,0.3885795537256632,0.4342641541526489
18231218,0.24411012333732365,0.3116516001217089,0.4442382765409675
18231311,0.28268232148105643,0.32415506133200467,0.39316261718693896
18240113,0.22994517762188216,0.5712777865303847,0.19877703584773315
18242154,0.33541527472708943,0.469279644391509,0.19530508088140183
18241147,0.3109529945610267,0.44148487181545454,0.24756213362351875
18240714,0.27385600834142054,0.3075140736991496,0.41862991795942983
18242010,0.19823541399619188,0.35290035503841083,0.44886423096539757
18240803,0.3037243878106186,0.255865017123104,0.44041059506627744
18241805,0.2034867828077698,0.2922543083686408,0.5042589088235896
18241222,0.1953534664575914,0.24881782338773603,0.5558287101546727
18243309,0.242936228107199,0.39354349171630565,0.3635202801764953
18180507,0.2844961122278673,0.43505429278444324,0.2804495949876896
18254712,0.19949507902806982,0.30650347600750005,0.49400144496443005
18251418,0.24645122893380844,0.4516060452643037,0.3019427258018878
18250511,0.3135965141710374,0.4688293988412235,0.2175740869877392
18251001,0.1993030371356531,0.3668626169748037,0.4338343458895434
18250921,0.29197952047490566,0.1639837291163721,0.5440367504087223
18255407,0.25565517458907616,0.38932065787563375,0.35502416753529004
18251308,0.21746097245128787,0.5524134012222116,0.2301256263265007
18250320,0.14509036661790525,0.40234345137959404,0.4525661820025009
18252233,0.3397715763469429,0.4417577832805676,0.21847064037248945
18262013,0.22130357201431441,0.5984037105910208,0.1802927173946647
18260112,0.3045536811150204,0.5142768287750867,0.18116949010989292
18265422,0.22510231861087557,0.28819692458435936,0.48670075680476493
18263310,0.2624929455030798,0.2348986550203542,0.502608399476566
18260847,0.4469462427340815,0.29038177208546584,0.26267198518045265
18261809,0.24650391719408046,0.4859692996752073,0.2675267831307122
18261107,0.2572015660038298,0.5120530839910883,0.23074535000508195
18262114,0.20336365394304226,0.6006509459142615,0.19598540014269625
18260503,0.1910896200015343,0.3121340866568495,0.4967762933416162
18270709,0.3335621555642047,0.30572630175681953,0.3607115426789755
18271133,0.3317951782313554,0.3472369742088297,0.3209678475598149
18271305,0.251732744208645,0.47836557135289093,0.26990168443846424
18274754,0.23202058341015036,0.2753435014588484,0.4926359151310013
18272108,0.21807031382478917,0.632531910398585,0.1493977757766256
18271022,0.22298759177755897,0.5920838289969144,0.18492857922552652
18271220,0.16582116005563857,0.20832766160390295,0.6258511783404584
18270318,0.31742462899038865,0.33139478972556075,0.35118058128405044
18271401,0.16407890376035097,0.23112162813524403,0.6047994681044051
18181221,0.1714657134237449,0.17245768083977064,0.6560766057364846
18281433,0.32712895008271997,0.29183618978546666,0.38103486013181337
18280554,0.2846622249377646,0.4481449084611742,0.26719286660106123
18281801,0.2441093255789416,0.26894392982559456,0.486946744595464
18280910,0.2713158358695552,0.32264051024793133,0.4060436538825135
18282207,0.2840759286599796,0.45798968531864276,0.25793438602137775
18284721,0.14223526931304117,0.21567836618935235,0.6420863644976061
18280311,0.28970777399225506,0.46812415283665487,0.24216807317109024
18290514,0.23026335191274203,0.5626765465163874,0.20706010157087018
18292009,0.2573859545345495,0.5151451862933485,0.22746885917210213
18291011,0.2965296253860421,0.45352490348778024,0.24994547112617763
18293312,0.28325959677445584,0.36315432610561216,0.353586077119932
18291847,0.23054656847676344,0.39066951219941587,0.3787839193238209
18290121,0.12626714654500554,0.2996581670610686,0.5740746863939257
18295403,0.3177987000905439,0.23838144727621546,0.4438198526332408
18290713,0.28379936254254834,0.40394065104387367,0.31225998641357783
18290822,0.44507469901224517,0.1953054768536283,0.35961982413412663
18301108,0.21010568849781833,0.582778399195018,0.2071159123071636
18300710,0.2381702630810001,0.10534651913062915,0.6564832177883708
18305433,0.296584576396447,0.21044330033113037,0.49297212327242257
18300905,0.3078775238194924,0.3586569725892321,0.3334655035912754
18300301,0.18363473697759033,0.3986675564143761,0.4176977066080334
18301214,0.26968888189077395,0.3256573466344275,0.4046537714747986
18302220,0.14354634946079178,0.36616069694328934,0.4902929535959189
18302118,0.23861537890875634,0.6257210144730085,0.13566360661823526
18304713,0.2016144918915565,0.1785016426603303,0.619883865448113
18180814,0.28677429439314733,0.3878179051547023,0.32540780045215
18281312,0.2705586122313041,0.34170569636803444,0.38773569140066166
18310120,0.15646353741053606,0.45223522245644693,0.391301240133017
18311207,0.22562475617848432,0.2732203896440404,0.5011548541774754
18312111,0.25856544839348417,0.5819478235845372,0.15948672802197877
18310818,0.26969424243022977,0.3999261241752848,0.33037963339448523
18310522,0.24283749780180997,0.4991626051289743,0.25799989706921583
18311310,0.26709389621056473,0.30643032332299064,0.4264757804664447
18310309,0.16708532449690527,0.665369719673805,0.16754495582928974
18311454,0.2328404668205522,0.38974233087865684,0.377417202300791
18313347,0.30589098815251403,0.36101842346944535,0.3330905883780409
18282008,0.27976173972199203,0.4639117219375722,0.25632653834043573
18321101,0.22662117435077117,0.29932524621027506,0.474053579438954
18321054,0.35024400878157996,0.4222322315408186,0.22752375967760133
18322021,0.23870048348434186,0.3062122020930115,0.45508731442264666
18321833,0.3139413593722728,0.31790613080832786,0.3681525098193994
18322213,0.2718528262079072,0.4560904935718244,0.2720566802202684
18320708,0.35382818359970747,0.3246144649809025,0.32155735141938985
18321403,0.1896942430091296,0.31898299282351483,0.4913227641673555
18324705,0.22912816475234332,0.2190879699195528,0.551783865328104
18320912,0.2830225624561979,0.5397783424839134,0.17719909505988848
18335401,0.24742142073712003,0.1822037556459145,0.5703748236169656
18330947,0.2927734598630248,0.555314037090411,0.15191250304656423
18332221,0.19589716805071905,0.41631023734383915,0.3877925946054415
18331203,0.24911175998726504,0.26454095470668926,0.4863472853060458
18332011,0.29108498476460637,0.4246686890182824,0.28424632621711116
18331008,0.2884656712150953,0.4279006198363431,0.28363370894856166
18333305,0.24512510604702797,0.3425602124389442,0.4123146815140279
18330718,0.33004688289493056,0.3127095939762804,0.357243523128789
18331314,0.38692393503215716,0.40071815018514056,0.21235791478270216
18340133,0.23089882476307694,0.5931874505301197,0.17591372470680344
18342113,0.23040877139828642,0.6100151241819005,0.15957610441981307
18341410,0.21014999967657982,0.18567717956408594,0.6041728207593342
18340812,0.33452845769641043,0.36147290787528186,0.30399863442830743
18340520,0.18613542308624953,0.33453228116934774,0.4793322957444029
18344707,0.20991658759697665,0.30605916665527233,0.4840242457477511
18341109,0.2887747221639734,0.30482590699291157,0.40639937084311506
18341854,0.2486440959242416,0.3955000330598494,0.355855871015909
18340322,0.2681304052693051,0.5188158699139501,0.21305372481674514
