MatchID,0,1,2
20011203,0.22559396626715583,0.3958527337522188,0.37855329998062553
20011114,0.22253992601965325,0.31430148788922874,0.463158586091118
20012031,0.25608467189679823,0.4090407056538396,0.3348746224493622
20012133,0.2830941797635861,0.42457188597249923,0.2923339342639149
20015408,0.3467412545131613,0.3065711254338023,0.34668762005303655
20010722,0.28544888042969147,0.38465903958423675,0.3298920799860719
20011001,0.19962674782192352,0.45529872859588416,0.34507452358219204
20011834,0.22477408096642826,0.5324550883091647,0.24277083072440708
20010509,0.22664279378598468,0.38175947349023864,0.3915977327237765
20021810,0.21579799575854214,0.38375688426939697,0.4004451199720609
20023133,0.24766415906278322,0.47832812874135483,0.27400771219586184
20022101,0.24956756373436234,0.44344003645168817,0.30699239981394927
20021254,0.20257662901381795,0.5286864564391701,0.26873691454701193
20023414,0.24070615647869212,0.24732896565691131,0.5119648778643966
20020920,0.25751772173535187,0.4074245691166716,0.3350577091479767
20020708,0.22101256160629285,0.4681463366505701,0.31084110174313684
20020305,0.20322147993397824,0.3070775840161777,0.48970093604984405
20021122,0.2423049185638913,0.47272080663901034,0.28497427479709836
20032221,0.22024894347431626,0.31568251527933405,0.46406854124634966
20031031,0.2753713227882848,0.3908256579786147,0.3338030192331004
20035403,0.3161162979515337,0.32710040153076714,0.3567833005176994
20033318,0.20389018118626326,0.3418193942188104,0.4542904245949264
20032007,0.23412177011339255,0.4782775132028741,0.2876007166837333
20030114,0.23789048163895685,0.4111319440458675,0.35097757431517573
20030809,0.2287728585403553,0.34797154153412707,0.4232555999255175
20030512,0.22524087326552678,0.5376214735638609,0.23713765317061208
20031134,0.2750583211115857,0.46761705214813126,0.25732462674028295
20042111,0.23665704639405516,0.40103950210846057,0.36230345149748433
20043118,0.25452609435319234,0.3352584065932225,0.4102154990535853
20040301,0.21100428597629592,0.38583561658741317,0.40316009743629083
20040522,0.19973415539507552,0.4778269759493401,0.3224388686555843
20040709,0.23113457029928455,0.3138920557975339,0.4549733739031819
20041214,0.23308706553219008,0.3674724278131204,0.3994405066546895
20042008,0.20522533095943923,0.4628613137514526,0.33191335528910804
20043310,0.22730416620751734,0.3490800163373195,0.4236158174551633
20043454,0.22129651958948643,0.48897302262621145,0.2897304577843022
20055414,0.22025394391564387,0.34538900838509157,0.4343570476992646
20053421,0.1874789832745715,0.2555199340048682,0.5570010827205604
20052203,0.20916376725436336,0.3868169501359521,0.40401928260968456
20051807,0.23734741860851077,0.4502536892736622,0.3123988921178269
20051112,0.22788578862175274,0.45110057149296706,0.32101363988528
20051020,0.24133992686759698,0.3547991736227288,0.4038608995096744
20050931,0.23151649008751043,0.4196738703309896,0.3488096395815002
20050833,0.2547424027567395,0.5322974248545174,0.2129601723887431
20050105,0.23170164272642407,0.40374954812592306,0.36454880914765275
20065421,0.2177296246964044,0.32736950012166915,0.4549008751819263
20063307,0.22418120182917758,0.3171796687950543,0.45863912937576806
20063108,0.247324068309858,0.4168512530546819,0.33582467863546017
20062018,0.2177381240173006,0.3641054759151615,0.4181564000675382
20061422,0.22997423657744867,0.5335013258214952,0.23652443760105601
20061201,0.20568432964824843,0.328960605825202,0.4653550645265498
20060910,0.2295243750528686,0.4959940280177861,0.2744815969293453
20060534,0.23397689576862818,0.5459184030241562,0.22010470120721565
20060311,0.22678229356986385,0.38405248148939863,0.3891652249407373
20073403,0.24377862502921172,0.39949031248791245,0.3567310624828757
20073320,0.24734343720797555,0.32740416047982485,0.42525240231219963
20072112,0.22785895300008074,0.5164883206696745,0.2556527263302447
20071809,0.2584825919392428,0.3856013951066777,0.3559160129540795
20071405,0.2147479362478295,0.3410861260638031,0.4441659376883675
20071154,0.25131925591489074,0.40003701352089793,0.3486437305642112
20070731,0.29676759828906757,0.3716454858924811,0.3315869158184511
20070122,0.2483448445200971,0.42323658601690634,0.3284185694629966
20080307,0.2167411203463553,0.423376957741827,0.35988192191181767
20080811,0.25372701902949646,0.37672016401782343,0.36955281695268005
20080921,0.2203264180941762,0.3356646763290897,0.4440089055767343
20081220,0.25618971649025957,0.2442896826998782,0.4995206008098622
20082233,0.2588815243999033,0.3886473521661149,0.3524711234339818
20083101,0.20220603300380324,0.2688507349360269,0.5289432320601702
20083410,0.2435933660391793,0.31868873123356606,0.4377179027272548
20085405,0.19530656742318128,0.3994590444601095,0.4052343881167092
20081418,0.23511224978342996,0.29658224492585594,0.468305505290714
20092131,0.2505852830487858,0.5114781371410844,0.2379365798101298
20091854,0.2601674810999579,0.4509978394836296,0.28883467941641255
20090934,0.25186491806819417,0.5088842724282469,0.2392508095035591
20090803,0.27608215998275637,0.4027201745417976,0.321197665475446
20090511,0.23421561048364886,0.5038136584858367,0.2619707310305144
20090133,0.22940211671846136,0.45503098860410246,0.31556689467743615
20090714,0.24837687625614854,0.4539424850264088,0.29768063871744266
20091012,0.21923411166107276,0.5025665513062926,0.27819933703263455
20092022,0.23305704384982862,0.42202896502048615,0.3449139911296853
20101120,0.22410840527857967,0.382038388486319,0.39385320623510156
20100310,0.2328436896770844,0.35351565243527494,0.4136406578876406
20101421,0.20052665669414005,0.35066627426061586,0.4488070690452441
20102208,0.22519800163731482,0.4478229150097697,0.32697908335291553
20103105,0.23463420683487668,0.327223259013877,0.4381425341512463
20105407,0.21826672879064088,0.32312464845260175,0.458608622756757
20103412,0.26985031720477437,0.435435274435002,0.29471440836022356
20100118,0.2298690614462032,0.4077101556882041,0.36242078286559276
20111811,0.24768217672582757,0.43619090986734305,0.3161269134068294
20111431,0.3210090449661391,0.3706701640680403,0.3083207909658204
20113401,0.2283991683492863,0.3297482802369904,0.44185255141372365
20112120,0.25148684707815744,0.5002511704377456,0.24826198248409695
20111208,0.24947942332522696,0.32839962098514297,0.42212095568963015
20110705,0.20593122840771172,0.4201213264848447,0.3739474451074436
20110903,0.24376524450400897,0.46980644958699963,0.28642830590899143
20111022,0.21868534071630047,0.4595914983403041,0.32172316094339537
20120734,0.19117072296936222,0.518601817445807,0.29022745958483076
20122212,0.24315601281809285,0.5105066094871611,0.24633737769474595
20122054,0.3301040467506172,0.4144792040460639,0.2554167492033189
20120821,0.1840856534346954,0.2740559230143335,0.5418584235509711
20120510,0.24849998360104958,0.389054018459901,0.3624459979390491
20123111,0.32026654052450143,0.33910771667014566,0.3406257428053532
20120109,0.2313612669607112,0.38019813996847973,0.388440593070809
20120318,0.21350563863035596,0.2578095227783292,0.5286848385913148
20262201,0.22438844629736923,0.3116504514495129,0.46396110225311793
20290514,0.22091696515757664,0.4518544637139643,0.32722857112845893
20241821,0.21869021952420784,0.3753704729335185,0.40593930754227364
20132107,0.2497861960952433,0.39284239347609556,0.35737141042866105
20131805,0.23433617562774514,0.4037789348798437,0.36188488949241104
20131408,0.2177828790506316,0.4059088879596965,0.3763082329896719
20131101,0.21598370629444547,0.3083688517248958,0.4756474419806585
20131054,0.22690551147332447,0.5070827151164784,0.26601177341019705
20130331,0.355783195864525,0.3680473660037647,0.2761694381317102
20130922,0.2586989331216867,0.4723475399337749,0.26895352694453845
20133420,0.22606202198555278,0.4162084008224898,0.3577295771919575
20143122,0.28271173188009263,0.41778218993950106,0.2995060781804063
20141410,0.23012917415540537,0.33705164761125983,0.4328191782333347
20143334,0.24902790003925024,0.4012704603954721,0.3497016395652773
20142003,0.2935368938832922,0.4678868349235821,0.23857627119312586
20141218,0.2481003508798411,0.28647410564891196,0.4654255434712471
20145409,0.20061525815905973,0.31016401206728866,0.48922072977365155
20140711,0.24885412088107478,0.47453488946480127,0.27661098965412423
20140521,0.17905692763981607,0.3824932880024297,0.43844978435775445
20140801,0.19738263139889223,0.32287569577779296,0.47974167282331487
20153112,0.262398344444481,0.4336682753796904,0.3039333801758286
20150154,0.2394273118758051,0.4978452408413387,0.26272744728285624
20150333,0.2812211045303145,0.37857771258199047,0.3402011828876952
20150805,0.2201793022831665,0.329800198332621,0.4500204993842127
20151007,0.2506378829867231,0.4063761086230434,0.3429860083902334
20151109,0.2311844216800473,0.31397850727945603,0.45483707104049675
20152014,0.23178277437188555,0.28335100037349464,0.4848662252546198
20152118,0.23751247042276946,0.42870536980657703,0.3337821597706535
20152234,0.2887555778329768,0.36473379010080204,0.34651063206622135
20160701,0.2455368030312168,0.3873480962565574,0.3671151007122259
20161822,0.22509033819932153,0.45471431269094387,0.3201953491097346
20160520,0.21866549783195335,0.4920025620732559,0.2893319400947909
20160912,0.25426867959860877,0.4988573976970656,0.24687392270432565
20161403,0.21097568711371775,0.44050310751344945,0.3485212053728328
20162110,0.24580764472938313,0.46148630726298046,0.29270604800763633
20163311,0.27445733591717364,0.48077809200841576,0.24476457207441055
20163408,0.2676834314182153,0.4221003754295286,0.3102161931522561
20165431,0.217139232253205,0.413276715944158,0.36958405180263676
20242231,0.2717952204258006,0.3218910113423952,0.40631376823180426
20123314,0.2023042668478811,0.31877221001418327,0.4789235231379355
20240507,0.22754013770830642,0.4551505716821759,0.31730929060951746
20251820,0.2188476073450536,0.4904381313709203,0.290714261284026
20173305,0.2365269101151913,0.359677830215817,0.40379525966899155
20172001,0.28097881492020876,0.22830094135682572,0.4907202437229654
20171110,0.2449511988175035,0.4186637827043713,0.3363850184781253
20171207,0.2655934012097249,0.34784898611320125,0.3865576126770743
20170818,0.1923003356550338,0.3825683103687483,0.4251313539762178
20171409,0.2488496642389843,0.402114295503115,0.34903604025790075
20172254,0.2596987652773879,0.4149727067583042,0.3253285279643077
20173134,0.25453788237599717,0.45969875005434724,0.2857633675696554
20170321,0.19610833504306563,0.320961414175987,0.4829302507809473
20182134,0.18458835194149914,0.5341256200415497,0.28128602801695124
20182220,0.24342207918738257,0.45584849531371463,0.3007294254989028
20181833,0.21798739340031786,0.42181039939208553,0.36020220720759655
20183110,0.2685514618417689,0.4016477833694646,0.3298007547887668
20180908,0.221752224628822,0.46662716763912854,0.3116206077320496
20180703,0.21587476107160458,0.39123004196241523,0.3928951969659802
20180554,0.19290855807345672,0.5011192803990169,0.30597216152752627
20180112,0.2335954051306382,0.5502260965263978,0.21617849834296418
20181411,0.25674108471742607,0.4337765792640804,0.30948233601849373
20190334,0.2800696977763348,0.3754665344111872,0.3444637678124781
20190807,0.24529462057345774,0.405042040327155,0.34966333909938724
20191814,0.24048384767360914,0.3739848844115113,0.38553126791487957
20190131,0.23005953754513228,0.5104649717740449,0.25947549068082293
20191009,0.2208114609475707,0.34900488851659234,0.430183650535837
20191105,0.24020890042177093,0.40487282568113353,0.3549182738970955
20191221,0.2119336880795608,0.2216954768936442,0.5663708350267951
20193322,0.2717226354291558,0.37334116527606986,0.3549361992947743
20195420,0.23105353607761178,0.39227743519390224,0.3766690287284862
20250533,0.22814371316086782,0.5175423508274732,0.2543139360116592
20291808,0.26093289838212047,0.37809186533038647,0.3609752362874932
20290322,0.24408523588937053,0.3923433412610061,0.36357142284962357
20201454,0.23033909245609357,0.48302602648947773,0.2866348810544285
20200901,0.23537445608908542,0.3660238488176892,0.39860169509322524
20201033,0.2686218476505161,0.4403654270229631,0.2910127253265208
20202021,0.20538263437540238,0.3357495778190476,0.45886778780554993
20203107,0.28808331276511323,0.35637808107981944,0.35553860615506744
20203411,0.2939979767531586,0.30396613196828765,0.4020358912785537
20201222,0.24806854642225623,0.28593121899126495,0.4660002345864788
20200518,0.20746673110966063,0.41024192048399577,0.3822913484063436
20200308,0.22522850546366585,0.39350650055068925,0.38126499398564484
20103309,0.2439078086294487,0.33817832009817783,0.41791387127237356
20210134,0.21757526107897873,0.5141935305637859,0.2682312083572354
20210531,0.1927488146933764,0.5561378372229706,0.25111334808365304
20210710,0.24731239316606182,0.3342302804545399,0.4184573263793982
20210820,0.24024860673179127,0.3465286089535475,0.41322278431466136
20211118,0.23509588591010463,0.4160738642047637,0.3488302498851315
20212154,0.22391028135922114,0.4879779580633092,0.2881117605774696
20212209,0.24806933296533645,0.3887483468646118,0.3631823201700517
20213303,0.25679240696198974,0.40044882082321465,0.3427587722147956
20211412,0.22715806763478077,0.5434605760771747,0.22938135628804454
20225434,0.2826228236341382,0.339342977957294,0.37803419840856783
20223301,0.20571772259610643,0.2852580922957628,0.5090241851081309
20222012,0.2633257706954183,0.5255396781483089,0.21113455115627275
20221103,0.23164425356603252,0.41542619095462063,0.3529295554793469
20221021,0.20847570714591054,0.3424799728156696,0.44904432003842
20221831,0.2754855289411279,0.45663804987035334,0.2678764211885188
20220905,0.2662416068369683,0.27948492145601256,0.4542734717070191
20220814,0.22501684063522373,0.38861089250596076,0.3863722668588156
20222207,0.26909273816416024,0.34717313293670116,0.38373412889913844
20232005,0.27153688569604234,0.33874343312790905,0.38971968117604866
20232108,0.23165318324763257,0.48105352760809295,0.2872932891442743
20233109,0.33856406252272053,0.35439122290707387,0.3070447145702057
20231401,0.23989384933824554,0.29566508934984337,0.46444106131191126
20231211,0.2748430242655612,0.35578677302421324,0.3693702027102257
20231018,0.2419022954996123,0.37931376717626153,0.378783937324126
20230733,0.24211416138930428,0.35645658984154743,0.4014292487691482
20230354,0.24289394558701832,0.5434642714344478,0.213641782978534
20233422,0.2509251449629817,0.3999453191520552,0.3491295358849632
20331801,0.2136073859052314,0.3650599736270375,0.42133264046773095
20330508,0.22827153779136933,0.4936565894970959,0.2780718727115347
20131233,0.21388006054353265,0.35719845842917847,0.42892148102728894
20282205,0.225758551061641,0.3288611915850723,0.44538025735328673
20241434,0.23177807236113615,0.4553907415386942,0.3128311861001697
20240110,0.19484864064265636,0.4259390415300716,0.3792123178272719
20240320,0.22781496619417957,0.42568169922364235,0.34650333458217814
20240911,0.2440958632336542,0.41094098082015373,0.3449631559461922
20240854,0.291157474901064,0.4632805442763701,0.24556198082256583
20243312,0.21611261471166215,0.5549426024075468,0.22894478288079104
20321005,0.24837268426416423,0.37832667751332094,0.37330063822251475
20305418,0.2657236650045438,0.3041787044304208,0.4300976305650356
20302211,0.2095372269313095,0.4203392381421501,0.3701235349265402
20252122,0.2510614722695224,0.41922309369344946,0.3297154340370284
20253103,0.24727995872759925,0.4132389028190863,0.3394811384533147
20255410,0.2933280256731939,0.3396799375574984,0.3669920367693079
20250108,0.21547745911321056,0.4850687828857207,0.29945375800106866
20251107,0.2247289450830983,0.49734886717928395,0.27792218773761773
20250914,0.26978704864451447,0.3747339591735917,0.35547899218189394
20251234,0.2546976352483982,0.4195677786007623,0.3257345861508395
20310501,0.23968659966575842,0.4567922165542829,0.30352118377995874
20262114,0.2152278023504326,0.5252895385191654,0.2594826591304019
20263308,0.2009522703014694,0.43585966778059676,0.3631880619179336
20263431,0.2356585875412172,0.35017470838684417,0.4141667040719388
20262009,0.23372075648401272,0.43796856686153063,0.3283106766544567
20260718,0.2169266841202848,0.3238316328507736,0.45924168302894197
20261003,0.20137771960352618,0.4969483513595533,0.3016739290369204
20283418,0.22216822412574463,0.3156889801191434,0.4621427957551121
20115433,0.25685328560691284,0.3069162956045837,0.4362304187885034
20071008,0.22165926883284365,0.4533154840293776,0.32502524713777886
20332214,0.26121100425575117,0.3456458546162626,0.3931431411279862
20261205,0.19208749831683367,0.28981446201642114,0.5180980396667451
20320918,0.22470263825223946,0.40025080001327673,0.37504656173448375
20270503,0.1860370851486063,0.5663137066506494,0.24764920820074438
20271433,0.20030817939309475,0.47210030844540896,0.3275915121614962
20271034,0.23192924401569445,0.515381443621167,0.25268931236313863
20270954,0.28076896388864303,0.5174059786206933,0.20182505749066398
20270720,0.23579659307433892,0.3957447423688756,0.36845866455678555
20270121,0.19492736700640345,0.37423641990403084,0.4308362130895656
20271812,0.2248096655270212,0.5605241740950262,0.2146661603779527
20270822,0.2134170808655678,0.4156271605390743,0.3709557585953579
20311803,0.22413390438296027,0.4775973794957543,0.29826871612128547
20325422,0.25027782336132864,0.3123343619800859,0.43738781465858567
20302105,0.2373252229464079,0.404831716273604,0.3578430607799879
20282010,0.22524788148586997,0.43092045309030835,0.3438316654238217
20281407,0.2371687368211846,0.4489050551602179,0.3139262080185974
20281133,0.22749028178915792,0.45664821141433387,0.31586150679650815
20280812,0.2285963781513739,0.5430324851447824,0.22837113670384362
20283121,0.20004854219771132,0.3402269361282723,0.4597245216740165
20285401,0.243467178568208,0.2910845783537764,0.4654482430780157
20280309,0.26811582794701727,0.37051579847753,0.3613683735754526
20292109,0.19615751108348062,0.4857472902762463,0.31809519864027286
20290111,0.2141643920949855,0.44282714603506257,0.34300846186995193
20291210,0.3575049838250054,0.23705978753640244,0.40543522863859205
20293407,0.2909462013714254,0.4016718099101513,0.3073819887184235
20293354,0.20667937021494745,0.5228928886834122,0.2704277411016404
20293120,0.20074065925988943,0.3765399276795809,0.42271941306052974
20301014,0.22016151495583286,0.43665026978475685,0.34318821525941035
20300831,0.23231497516253694,0.3148830826446724,0.45280194219279046
20300933,0.22188021324261326,0.3662540392998877,0.4118657474574991
20300712,0.23208972138401804,0.5118334950890495,0.2560767835269325
20300103,0.18765775846660712,0.5266248175215716,0.28571742401182126
20302034,0.27634826947180435,0.4338425926500027,0.28980913787819307
20265411,0.21974786348422384,0.3306595004829602,0.4495926360328159
20313433,0.2078617277492672,0.3043025834963734,0.4878356887543597
20310721,0.1910502958428892,0.3860005015860012,0.4229492025711094
20311108,0.2432324853012742,0.47106963017528863,0.28569788452343725
20311420,0.20795980065304007,0.42278309131876385,0.36925710802819617
20313154,0.235698700383004,0.5084182674977579,0.255883032119238
20311209,0.23985326557305947,0.24514178388913177,0.5150049505378085
20271131,0.23657039872033336,0.41466663789760233,0.34876296338206414
20323321,0.21199604437241387,0.360502023914069,0.42750193171351714
20312210,0.26290944584181625,0.31782950868617016,0.4192610454720135
20322011,0.2414801413020065,0.4379145691545315,0.320605289543462
20320834,0.23705535681087472,0.384322862213643,0.37862178097548205
20320312,0.27041875916145963,0.45683860260131554,0.2727426382372248
20320107,0.21086080113055825,0.4668779174558663,0.3222612814135753
20323114,0.20736776490687892,0.42772923492546494,0.36490300016765614
20330754,0.22884697084416022,0.47612466341163256,0.2950283657442071
20331011,0.23921775248121835,0.44753533585926797,0.31324691165951374
20331231,0.2628324597684913,0.3530019469558879,0.3841655932756206
20332033,0.25586134110799247,0.39421748302862936,0.349921175863378
20332103,0.19779116454444817,0.5293457978281136,0.2728630376274381
20333409,0.25154779636349234,0.29327885538265347,0.45517334825385447
20342218,0.2666662174739302,0.30749858451224005,0.42583519801382963
20343331,0.29428018401268763,0.43005694778330034,0.275662868204012
20341121,0.1951984522595511,0.30629453843645743,0.49850700930399144
20343405,0.25049942425035604,0.30052405571767815,0.448976520031966
20340810,0.22469299328960754,0.3479847644761658,0.42732224223422655
20340314,0.23906567066465148,0.32622016876973126,0.43471416056561735
20340120,0.21731585916216137,0.5081875469552493,0.2744965938825893
20340907,0.22371907911354635,0.45933107626416325,0.3169498446222903
20345412,0.27030942428568266,0.41578714430058894,0.31390343141372834
