ID,0,1,2
17010503,0.2161513161655624,0.30526446646624417,0.47858421736819345
17010718,0.17178000062730223,0.15403679924574307,0.6741832001269548
17010122,0.29307621552360547,0.1949333081964447,0.5119904762799499
17015414,0.3317245907649798,0.39217729382175487,0.2760981154132654
17011078,0.22403223107969034,0.6387308430099707,0.137236925910339
17013311,0.0981743638598665,0.058696777850722394,0.8431288582894112
17012013,0.3469866734923594,0.36294136917058056,0.2900719573370601
17012721,0.18222816114115936,0.6677867032638304,0.14998513559501028
17010928,0.17391459663965486,0.7048526439616819,0.12123275939866335
17020320,0.054434345470055226,0.9376000342647809,0.007965620265163884
17022801,0.26063113685141215,0.07849815365166081,0.6608707094969271
17021007,0.24573398897598903,0.6000627906343882,0.15420322038962284
17021354,0.2419754786691948,0.21046423160835673,0.5475602897224484
17022227,0.26904485603923295,0.21482075876723047,0.5161343851935366
17021878,0.06227615007042225,0.9227751909648043,0.014948658964773522
17020514,0.15223578107556815,0.8477642189244319,0.0
17021109,0.19497379238416263,0.4953141944167544,0.309712013199083
17022133,0.20315782844897154,0.5553282445813535,0.24151392696967483
17030105,0.21333343421864276,0.1619894277893325,0.6246771379920247
17032111,0.1842972870062187,0.11226710761709997,0.7034356053766814
17030328,0.16710745853151499,0.7918506254158126,0.04104191605267236
17032713,0.3450647228902826,0.442170871704649,0.2127644054050683
17033310,0.2014553773553431,0.4265763705148994,0.37196825212975754
17031420,0.20790688319502507,0.5758949675820331,0.21619814922294175
17037807,0.29361394074325137,0.0,0.7063860592567486
17035418,0.3388948780748426,0.3465043383944868,0.3146007835306706
17030922,0.22831292565898448,0.2571629019269698,0.5145241724140458
17040701,0.35620177825629223,0.0,0.6437982217437077
17040578,0.11906347676913577,0.7800246862248039,0.10091183700606031
17041410,0.3321856580301871,0.6037754043869352,0.06403893758287776
17042827,0.07575199872433316,0.0,0.9242480012756668
17042033,1.0,0.0,0.0
17041154,0.20336601540129756,0.16028679736696952,0.6363471872317329
17041813,0.36530541960571433,0.5393797699944889,0.0953148103997968
17042221,0.3017085108499502,0.6216558958800825,0.07663559326996729
17040903,0.1900932194559231,0.5509661997395198,0.2589405808045571
17057809,0.049480547975177085,0.015537925240833243,0.9349815267839896
17055421,0.3759477643023515,0.35378549406272247,0.2702667416349259
17051011,0.19487215205360264,0.20931142297258512,0.5958164249738122
17051307,0.27402952622463544,0.0,0.7259704737753646
17052005,0.5915553645278684,0.4084446354721315,0.0
17052233,0.23269545898586685,0.7077334912827425,0.05957104973139064
17051803,0.18574302660337902,0.7432000914612105,0.07105688193541043
17052701,0.16937295224497873,0.13825911016474304,0.6923679375902781
17052814,0.5944334452618464,0.40556655473815356,0.0
17060910,0.17929955812528886,0.7707235557172233,0.049976886157487944
17060354,0.411250953167521,0.339210086634277,0.24953896019820196
17062128,0.18943375248487362,0.6498237666185933,0.160742480896533
17061107,0.1534068879386061,0.08984736374403886,0.7567457483173551
17062718,0.285571509294262,0.12330022831525524,0.5911282623904828
17060120,0.46072517281677466,0.18439929820385167,0.3548755289793737
17063378,0.2343614260685721,0.4562300864021737,0.30940848752925415
17060513,0.3238684258196417,0.38348291838889054,0.2926486557914677
17061422,0.3249991155657574,0.49156474722325666,0.1834361372109859
17072878,0.328374713855369,0.5620514888130763,0.10957379733155474
17070727,0.2977701257076265,0.32210464254009363,0.3801252317522798
17071421,0.3096500846410084,0.3172405360083436,0.373109379350648
17072009,0.2691466920912487,0.7308533079087514,0.0
17072203,0.21714926501215545,0.5542022080215823,0.22864852696626228
17071333,0.2740110714998431,0.2936856850560024,0.4323032434441545
17071811,0.20318598909995364,0.16924491419520482,0.6275690967048416
17071005,0.27372603809317847,0.5175412779859349,0.2087326839208867
17075401,0.2987839465514152,0.17807720894531032,0.5231388445032744
17080927,0.24861222611391792,0.6388959029673319,0.11249187091875014
17082107,0.2666601029087892,0.24263681095737685,0.49070308613383395
17082820,0.4043896054778285,0.28635160291913886,0.30925879160303266
17080314,0.0032048575715044004,0.9967951424284957,0.0
17081054,0.24909700265322363,0.635662790815283,0.11524020653149351
17080113,0.5566534235758225,0.07120966402955498,0.3721369123946226
17081105,0.28866370769594946,0.13103713708120932,0.5802991552228414
17087822,0.3009263884340611,0.19476307623300684,0.504310535332932
17083318,0.2142018644386408,0.0,0.7857981355613592
17090754,0.2159392107164796,0.46827839454991077,0.3157823947336096
17097811,0.03231779553499235,0.0075835123784350434,0.9600986920865726
17091314,0.08743407515366686,0.8857118652430498,0.0268540596032834
17092703,0.13968042264501973,0.025386861005418006,0.8349327163495622
17092210,0.309644564681856,0.5104805463141663,0.17987488900397783
17090133,0.3328799607554604,0.07377612579138962,0.59334391345315
17091828,0.2161771546276545,0.5657167983942769,0.21810604697806865
17090509,0.16417844336732956,0.5837981242385393,0.2520234323941312
17092021,0.3521643905361313,0.472377395272493,0.17545821419137572
17100301,0.19255147730306313,0.5100587442519859,0.29738977844495096
17100907,0.23760893203375452,0.5898196992478576,0.1725713687183879
17102178,0.24738621633645377,0.5109952751335979,0.24161850852994832
17101427,0.07860057415201387,0.9071193343295715,0.014280091518414716
17101120,0.2948839435128819,0.21143168516735691,0.4936843713197611
17101018,0.20373524936544327,0.029840307056653925,0.7664244435779028
17102813,0.38771277766472817,0.2041403763796903,0.4081468459555816
17105422,0.16772709037659725,0.06929046692035813,0.7629824427030446
17103305,0.2505066500559496,0.71013356357933,0.03935978636472036
17110733,0.20482871750237344,0.18477045744777557,0.6104008250498509
17110528,0.19472189216742977,0.6626582665911239,0.14261984124144636
17110118,0.2945852432364616,0.05493361205871027,0.6504811447048281
17117803,0.11108194316530313,0.04189038512331439,0.8470276717113825
17112010,0.3343838226168804,0.607385427232117,0.05823075015100271
17111321,0.24389364466759964,0.5056602930494719,0.25044606228292843
17112211,0.276316185963415,0.33238733132255155,0.39129648271403344
17112754,0.2009112477971031,0.11062751500316932,0.6884612371997276
17111409,0.2439147373542213,0.3357608031757839,0.42032445946999475
17120121,0.2963080891510775,0.15284498217201217,0.5508469286769103
17120554,0.1572617179878709,0.7222683306479364,0.1204699513641927
17127814,0.21869852517857116,0.20082925533233373,0.5804722194890952
17122810,0.36476904440472585,0.47297021490542784,0.1622607406898463
17120307,0.1631099871350937,0.6886646185857732,0.14822539427913312
17121311,0.20278252129083693,0.15932081479570412,0.6378966639134589
17122720,0.3644502379608047,0.25181741293067167,0.38373234910852355
17120933,0.13228794473128394,0.8026671958860802,0.0650448593826359
17121822,0.25199454884354516,0.18746779846137157,0.5605376526950832
17130705,0.43122209021102254,0.44029152080702216,0.12848638898195533
17131013,0.31250215831474204,0.13711081024443475,0.5503870314408232
17131127,0.26243589611504664,0.6888935788238343,0.0486705250611192
17133314,0.14505743908686541,0.8144378172516311,0.04050474366150344
17135478,0.28736865409001516,0.14744116153147915,0.5651901843785057
17132228,0.21521879363709834,0.6631329709815489,0.12164823538135283
17131820,0.29577403837869864,0.23678838292653276,0.46743757869476865
17140722,0.1846928441622495,0.10276952834866904,0.7125376274890816
17141418,0.339642526714826,0.15898885254781836,0.5013686207373558
17141001,0.16862669446344686,0.05081700990157501,0.7805562956349781
17141309,0.1544706072315903,0.10876682075282594,0.7367625720155837
17142078,0.11333163265195781,0.8453179044565902,0.04135046289145199
17145428,0.3024438507291179,0.21410162440889707,0.48345452486198504
17142733,0.2925228983975798,0.24888367374617076,0.4585934278562495
17140521,0.3051302619459746,0.37078900934700637,0.32408072870701904
17141103,0.19349543139991213,0.19359822101936827,0.6129063475807196
17150114,0.36110059767320535,0.3439854871700812,0.2949139151567134
17157827,0.2813579034869147,0.42412708593096976,0.29451501058211554
17151809,0.20122633106689058,0.17264646817091514,0.6261272007621943
17152110,0.1758067168620029,0.7081426753897849,0.11605060774821217
17152007,0.17929781974558737,0.7037097172662775,0.11699246298813513
17152811,0.2925966291390952,0.11171885227768209,0.5956845185832227
17153354,0.20530757618105158,0.6896740294444589,0.1050183943744894
17152205,0.27143984369678464,0.5845959696485264,0.14396418665468888
17150313,0.26316679797632403,0.494583863297766,0.24224933872591006
17160518,0.3522088245956939,0.2804128142187821,0.36737836118552397
17161322,0.26076401444009684,0.24002048372430032,0.4992155018356028
17160728,0.3004735036796927,0.27404532119094555,0.42548117512936173
17165420,0.24358720280984422,0.1749037119640913,0.5815090852260644
17161027,0.28071330741080597,0.47390451141258,0.24538218117661412
17160178,0.2783001488386001,0.489948948331889,0.23175090282951083
17161114,0.184568513042608,0.7398066884315244,0.0756247985258676
17160921,0.23561915821764332,0.6382627858642549,0.1261180559181018
17163303,0.3036038686819325,0.42032637262371486,0.2760697586943526
17171407,0.2556187747915861,0.2730784675090434,0.4713027576993705
17172118,0.32662062312304746,0.3651287460705549,0.30825063080639753
17175409,0.15666646016382152,0.11771556423147336,0.7256179756047051
17172705,0.37722849261397096,0.19098620620541698,0.4317853011806121
17177813,0.12725429005741906,0.04362114598835778,0.8291245639542232
17170310,0.0976774398707523,0.8284385248621774,0.0738840352670704
17172833,0.37573576031331435,0.3750423909601165,0.24922184872656913
17171101,0.2022627507157273,0.12022645016576433,0.6775107991185084
17172022,0.24815277302884142,0.605818493206919,0.14602873376423958
17130901,0.2740538958801509,0.39229879099004233,0.3336473131298068
17132103,0.21266403338317588,0.6018498854169849,0.18548608119983928
17180709,0.13637775263409152,0.07331018464599293,0.7903120627199156
17181328,0.23556565150075684,0.6411795659595491,0.12325478253969402
17183321,0.3382271123423147,0.4428648075255018,0.21890808013218366
17180510,0.16111918605678258,0.7581148527501343,0.08076596119308313
17182714,0.3370670608349063,0.41131810254405393,0.2516148366210398
17182011,0.31661126707920795,0.38162249824616756,0.3017662346746244
17182201,0.23466392629056615,0.1626259141423129,0.6027101595671208
17181854,0.25427283532970557,0.28103116368586556,0.46469600098442887
17180378,0.05214514998551277,0.9177352120263379,0.03011963798814934
17222003,0.16774999310556327,0.7072068512283405,0.12504315566609622
17191403,0.2512792515841598,0.38995988881669635,0.35876085959914383
17190128,0.33971602249020116,0.46688803801516987,0.19339593949462888
17190920,0.269463978561514,0.49936669261361105,0.23116932882487487
17190507,0.27422517057432544,0.5056614507621254,0.22011337866354921
17192113,0.3082677281264515,0.43049986353990005,0.26123240833364847
17191827,0.251180894036286,0.5127527463713878,0.23606635959232614
17195411,0.14697819907976406,0.07742066440286456,0.7756011365173713
17191033,0.3044864520995136,0.22354488920903756,0.4719686586914489
17192278,0.19455228606146746,0.7001671247437525,0.10528058919477998
17202809,0.36936181475111135,0.20327885052746134,0.42735933472142734
17200154,0.24989128011549103,0.49076844510926726,0.25934027477524163
17201310,0.22862521953523812,0.5873866926888244,0.18398808777593753
17207805,0.2267832582296709,0.09179773817135131,0.6814190035989778
17203307,0.27443289101021695,0.42128264850166713,0.30428446048811597
17201118,0.2741406521888975,0.37331444493893345,0.35254490287216905
17202122,0.2154472787022828,0.5581188185869453,0.22643390271077182
17200327,0.07490865325213691,0.8654862913410978,0.05960505540676533
17202014,0.07389879637705699,0.9004954882528745,0.025605715370068456
17212722,0.25401872649646323,0.15872648899574557,0.5872547845077911
17217821,0.11562102390502417,0.040026843575148914,0.844352132519827
17210720,0.21031535813070165,0.15001073333822973,0.6396739085310686
17211133,0.25512455366889836,0.5150532924925676,0.22982215383853416
17212803,0.36657157739362684,0.31884042677089935,0.31458799583547375
17211405,0.37160670932111334,0.3245805745236952,0.30381271615519145
17211801,0.19984983752533234,0.13656536931762164,0.663584793157046
17211009,0.19746274128566066,0.09397808576652084,0.7085591729478184
17215413,0.13817930734093709,0.07210052801681158,0.7897201646422514
17221428,0.3012246752917734,0.579955194057278,0.1188201306509486
17220711,0.20441249740634768,0.11185919138010349,0.6837283112135487
17220913,0.3230235297190002,0.3688639117375923,0.3081125585434074
17220533,0.2623070414377491,0.6039796862016609,0.1337132723605901
17222778,0.30170369004063835,0.3887527225104621,0.3095435874488996
17222101,0.21525313735137158,0.26638649962340055,0.5183603630252279
17222218,0.27168506514120494,0.4658457209246033,0.2624692139341918
17225410,0.22959561292034172,0.29849205594402317,0.4719123311356351
17230107,0.27535137877124904,0.37805501854155993,0.3465936026871911
17231320,0.23584421495869287,0.39424196461329514,0.36991382042801196
17230911,0.2943093815446582,0.3193557272458065,0.38633489120953524
17237854,0.19372352187801523,0.11269779120601306,0.6935786869159718
17232114,0.08674345903062176,0.8710246815577033,0.04223185941167483
17233327,0.17943739132294848,0.7026475812763303,0.1179150274007212
17231028,0.3633228748427747,0.3422505953381929,0.2944265298190324
17230322,0.18795940051804974,0.5303635683694748,0.2816770311124755
17231805,0.3105749223557748,0.23193988880421576,0.4574851888400094
17241454,0.27122063494436044,0.46548791059609756,0.263291454459542
17243309,0.24590243388773045,0.5797434784931242,0.17435408761914525
17242710,0.2646882573304695,0.2930197835597167,0.4422919591098137
17240522,0.27644191595347717,0.5444938595890905,0.17906422445743225
17241318,0.25703806328681617,0.5022693811101896,0.24069255560299438
17242001,0.21504951460431052,0.4977096038599713,0.28724088153571814
17241178,0.20115828755200343,0.6898219952538971,0.10901971719409943
17242821,0.4180732278453602,0.19092731972209817,0.3909994524325415
17240703,0.19548207948755375,0.2108476490700888,0.5936702714423574
17251413,0.2921598254629949,0.1598996006087057,0.5479405739282994
17252807,0.3524627204809523,0.3190211685534553,0.3285161109655925
17250127,0.1793830578522735,0.7004015565476903,0.12021538560003625
17250311,0.19939764536365648,0.24792231886868224,0.5526800357676613
17252220,0.25954582668917836,0.31332495601989846,0.4271292172909232
17250918,0.22322272980556543,0.6427231028331809,0.13405416736125364
17252105,0.28971325695313077,0.41775552724710874,0.2925312157997606
17257810,0.17800774161927319,0.09624250533314274,0.725749753047584
17255433,0.30668209918884515,0.341295950728971,0.35202195008218373
17260721,0.18847058415024626,0.15230423183235572,0.6592251840173979
17267801,0.06691957285051474,0.021233493463237576,0.9118469336862477
17262709,0.2381304133555989,0.1909213977491378,0.5709481888952633
17261020,0.15551985601746884,0.09095881368833295,0.7535213302941982
17262254,0.23778682867864961,0.49358847397348654,0.2686246973478638
17260511,0.3744788651098378,0.23158106972364312,0.3939400651665191
17263328,0.2364785755993298,0.6980186040834631,0.0655028203172072
17261814,0.247943944428152,0.5524735177164333,0.1995825378554147
17261303,0.23269830473920375,0.4489590369893656,0.3183426582714306
17271478,0.2610219007371609,0.6311708148364927,0.10780728442634632
17270710,0.23184805373680192,0.23024831518545785,0.5379036310777401
17271327,0.17227357985757197,0.6896207096916933,0.13810571045073472
17270333,0.15444130695770691,0.7059204532821494,0.13963823976014367
17271122,0.2754648020367303,0.441467829203777,0.2830673687594926
17272805,0.44512355578275675,0.19784596537248658,0.35703047884475664
17270109,0.25998991661262927,0.4429078239113848,0.29710225947598584
17271821,0.24635907372265115,0.1736069878808527,0.5800339383964961
17272054,0.08291569020395465,0.8728275441292838,0.044256765666761594
17283301,0.25185236835436664,0.3352187882408501,0.41292884340478325
17287818,0.23019439115608425,0.15793061072914388,0.611874998114772
17282213,0.20433109957212722,0.1092317175787453,0.6864371828491275
17281128,0.21351527465153142,0.7164710653484039,0.07001366000006462
17281014,0.2942384745052593,0.4197983074216815,0.28596321807305924
17282707,0.2664282576643199,0.28801973421547644,0.4455520081202037
17282120,0.20539728911703758,0.5368278755747572,0.25777483530820533
17280905,0.30605629426486003,0.42198805630282377,0.27195564943231615
17285403,0.22286081154243867,0.3852184380856193,0.3919207503719419
17291411,0.3051789334534554,0.17136015374666408,0.5234609127998805
17290527,0.20620680760498236,0.6987384458809511,0.09505474651406662
17290713,0.11235493594953488,0.03886968873959638,0.8487753753108687
17290978,0.19467318666963498,0.6896263463685414,0.11570046696182361
17290110,0.22057644429344672,0.5894535970825128,0.18996995862404037
17292154,0.14690647997790363,0.7285027369295878,0.12459078309250855
17290318,0.19149772705458484,0.550560121448218,0.2579421514971973
17292822,0.3333328722770041,0.24900901528042957,0.41765811244256634
17293320,0.22409603427373131,0.5259803516461832,0.24992361408008543
17302028,0.1546517717677401,0.7834634356910984,0.06188479254116141
17301833,0.33162458354267865,0.5182202470153822,0.15015516944193924
17301021,0.22154645124313754,0.12747556965949017,0.6509779790973722
17305407,0.2459094685701289,0.470383803205314,0.28370672822455717
17302711,0.27684808285210183,0.19032532869071989,0.5328265884571783
17301378,0.21337665934209424,0.6616928703287233,0.12493047032918246
17302214,0.2892084521458207,0.4783734055726364,0.23241814228154278
17300501,0.31501747615507497,0.36758382529541117,0.31739869854951386
17300309,0.20317430718462098,0.33405606575058777,0.4627696270647912
17317833,0.2802469937917163,0.14379428363824806,0.5759587225700357
17311305,0.2677421609030031,0.2876646052534044,0.4445932338435925
17310954,0.28545580397820475,0.31166689185184787,0.40287730416994744
17312027,0.12929888351521243,0.7689956261228136,0.10170549036197396
17312818,0.3371478172499741,0.3727354252960815,0.29011675745394444
17311401,0.26629593252660466,0.3471377130660499,0.38656635440734544
17311003,0.23599719316887893,0.18504284264890636,0.5789599641822146
17311121,0.2700964018965751,0.2856647228118347,0.4442388752915903
17312207,0.34949386411289496,0.3047215384536128,0.34578459743349216
17320103,0.19567583723377902,0.6760589719874929,0.1282651907787281
17322109,0.11858584746233901,0.7723820128717808,0.10903213966588021
17321810,0.2974801378901143,0.40963096519479375,0.2928888969150919
17320520,0.22618337095410698,0.5122352022921361,0.2615814267537568
17321113,0.2276564122530878,0.17836855425533313,0.5939750334915791
17327828,0.4330551732428308,0.3195275319287918,0.24741729482837735
17325427,0.20046446262211276,0.5744086836841813,0.22512685369370597
17323322,0.23312462117665458,0.5647259232751646,0.20214945554818087
17320714,0.2601988225919823,0.33278566566380857,0.4070155117442091
17330778,0.24947698826452464,0.2520932783111926,0.4984297334242828
17330914,0.3073350606546258,0.29984561351183353,0.3928193258335406
17332018,0.1599012837928815,0.6998274847786372,0.14027123142848127
17332728,0.331278547066259,0.548499129361025,0.12022232357271603
17333313,0.24520318132633018,0.1786618044448636,0.5761350142288062
17335405,0.25170689343260716,0.35836504852491435,0.38992805804247843
17330111,0.228758121180073,0.7465549944779565,0.024686884341970604
17331022,0.3131160819128918,0.22557004461418392,0.4613138734729244
17330321,0.1502565830485258,0.1550059075109029,0.6947375094405713
17341807,0.4165062531164922,0.4047222324706545,0.1787715144128534
17342127,0.10390659604904483,0.8276949502662622,0.06839845368469302
17341301,0.22504359709557556,0.4430674318760075,0.33188897102841697
17342854,0.2999219592858314,0.36986002549456604,0.3302180152196027
17341110,0.2529150208253067,0.4892326293848785,0.25785234978981486
17347820,0.13846930052036116,0.08722050396883323,0.7743101955108055
17340305,0.19959982121355976,0.26628400472438074,0.5341161740620595
17341433,0.3254470914446311,0.46116195839935864,0.21339095015601028
17342209,0.2890753559445355,0.2799396141099894,0.43098502994547516
